<?xml version="1.0"?>
<opencv_storage>
<camera_KK type_id="opencv-matrix">
  <rows>3</rows>
  <cols>3</cols>
  <dt>d</dt>
  <data>
    5.0612926968074419e+002 0. 3.0648697849098988e+002 0.
    5.0591501940510483e+002 2.3717464422767208e+002 0. 0. 1.</data></camera_KK>
<camera_dis type_id="opencv-matrix">
  <rows>1</rows>
  <cols>5</cols>
  <dt>d</dt>
  <data>
    3.0246737505177101e-002 -2.1789863791964736e-001
    -2.7807272043791297e-003 1.3846101811577124e-003
    2.3308767364744892e-001</data></camera_dis>
<project_KK type_id="opencv-matrix">
  <rows>3</rows>
  <cols>3</cols>
  <dt>d</dt>
  <data>
    1.5439224937166255e+003 0. 6.3950000000000000e+002 0.
    1.5911566991073660e+003 3.5950000000000000e+002 0. 0. 1.</data></project_KK>
<project_dis type_id="opencv-matrix">
  <rows>1</rows>
  <cols>5</cols>
  <dt>d</dt>
  <data>
    3.3894073594437912e-002 4.9052611411016284e-001
    7.7860709172532752e-002 -9.1946606231779957e-003
    -1.9773682954311476e+000</data></project_dis>
<R type_id="opencv-matrix">
  <rows>3</rows>
  <cols>3</cols>
  <dt>d</dt>
  <data>
    9.9925586409089717e-001 -3.5252153135997021e-003
    3.8409516229020120e-002 3.4553793386225217e-003
    9.9999225461360941e-001 1.8844273444200681e-003
    -3.8415861744607767e-002 -1.7503056255807553e-003
    9.9926030542428546e-001</data></R>
<T type_id="opencv-matrix">
  <rows>3</rows>
  <cols>1</cols>
  <dt>d</dt>
  <data>
    4.4671787256578654e+001 -3.7825660665246488e+001
    7.7815644699081219e+001</data></T>
<E type_id="opencv-matrix">
  <rows>3</rows>
  <cols>3</cols>
  <dt>d</dt>
  <data>
    1.1842227795997609e+000 -7.7748835520192088e+001
    -3.7944319157924213e+001 7.9473844486703896e+001
    -1.9612762179089829e-001 -4.1649882509916459e+001
    3.7951871203565666e+001 4.4538097658101442e+001
    1.5370460646256057e+000</data></E>
<F type_id="opencv-matrix">
  <rows>3</rows>
  <cols>3</cols>
  <dt>d</dt>
  <data>
    -7.1669598760554248e-008 4.7073808477627656e-006
    6.7771786419236723e-005 -4.6670056576979306e-006
    1.1522235517728695e-008 2.6655544446026534e-003
    -1.8225544641541497e-003 -7.1778592137924238e-003 1.</data></F>
<v_camera_R>
  <_ type_id="opencv-matrix">
    <rows>3</rows>
    <cols>1</cols>
    <dt>d</dt>
    <data>
      -2.1406963035431992e+000 -2.1466036574031389e+000
      -2.0960201040657989e-001</data></_>
  <_ type_id="opencv-matrix">
    <rows>3</rows>
    <cols>1</cols>
    <dt>d</dt>
    <data>
      -2.1633615456296735e+000 -2.0907285539518261e+000
      -6.5172364361312429e-001</data></_>
  <_ type_id="opencv-matrix">
    <rows>3</rows>
    <cols>1</cols>
    <dt>d</dt>
    <data>
      -1.9439441371334045e+000 -1.9995021990826622e+000
      1.1083241943083456e-002</data></_>
  <_ type_id="opencv-matrix">
    <rows>3</rows>
    <cols>1</cols>
    <dt>d</dt>
    <data>
      -1.8621914416244856e+000 -1.9582171185583219e+000
      -5.5643109671119595e-001</data></_>
  <_ type_id="opencv-matrix">
    <rows>3</rows>
    <cols>1</cols>
    <dt>d</dt>
    <data>
      -2.2134689735926947e+000 -2.2190420856362971e+000
      -7.2106319136921670e-002</data></_>
  <_ type_id="opencv-matrix">
    <rows>3</rows>
    <cols>1</cols>
    <dt>d</dt>
    <data>
      -2.1936256897275368e+000 -2.1696534634288924e+000
      -1.2587006666750478e-001</data></_>
  <_ type_id="opencv-matrix">
    <rows>3</rows>
    <cols>1</cols>
    <dt>d</dt>
    <data>
      -1.8426865984271996e+000 -1.9092197772521113e+000
      -6.2648554332975237e-001</data></_>
  <_ type_id="opencv-matrix">
    <rows>3</rows>
    <cols>1</cols>
    <dt>d</dt>
    <data>
      -1.8270076301813254e+000 -1.9118120182803362e+000
      -2.1276647898229439e-001</data></_>
  <_ type_id="opencv-matrix">
    <rows>3</rows>
    <cols>1</cols>
    <dt>d</dt>
    <data>
      2.1169907382711690e+000 2.0547670702879235e+000
      7.3596624023189405e-001</data></_>
  <_ type_id="opencv-matrix">
    <rows>3</rows>
    <cols>1</cols>
    <dt>d</dt>
    <data>
      2.1780367951675799e+000 2.1640874946266888e+000
      2.6828624636578684e-002</data></_>
  <_ type_id="opencv-matrix">
    <rows>3</rows>
    <cols>1</cols>
    <dt>d</dt>
    <data>
      -2.2037102747080191e+000 -2.1957297322253519e+000
      -9.0897784786890160e-002</data></_>
  <_ type_id="opencv-matrix">
    <rows>3</rows>
    <cols>1</cols>
    <dt>d</dt>
    <data>
      -1.9790120832187812e+000 -2.0471722092405806e+000
      1.7983257991386087e-001</data></_>
  <_ type_id="opencv-matrix">
    <rows>3</rows>
    <cols>1</cols>
    <dt>d</dt>
    <data>
      2.2012056272229579e+000 2.0412805768800220e+000
      7.7750141808373352e-001</data></_>
  <_ type_id="opencv-matrix">
    <rows>3</rows>
    <cols>1</cols>
    <dt>d</dt>
    <data>
      -1.8439266340731792e+000 -1.8123208067589271e+000
      -7.7560447811519684e-001</data></_>
  <_ type_id="opencv-matrix">
    <rows>3</rows>
    <cols>1</cols>
    <dt>d</dt>
    <data>
      2.1169582946728243e+000 2.1374734987861759e+000
      -1.6807551592689726e-001</data></_>
  <_ type_id="opencv-matrix">
    <rows>3</rows>
    <cols>1</cols>
    <dt>d</dt>
    <data>
      2.1770857841732649e+000 2.2378321502884968e+000
      4.8474241112071735e-002</data></_>
  <_ type_id="opencv-matrix">
    <rows>3</rows>
    <cols>1</cols>
    <dt>d</dt>
    <data>
      -1.9067658773479250e+000 -1.9755202512018994e+000
      1.1569160310340362e-001</data></_>
  <_ type_id="opencv-matrix">
    <rows>3</rows>
    <cols>1</cols>
    <dt>d</dt>
    <data>
      2.1088417067637137e+000 1.9968154028028793e+000
      9.2771658153740022e-001</data></_>
  <_ type_id="opencv-matrix">
    <rows>3</rows>
    <cols>1</cols>
    <dt>d</dt>
    <data>
      -1.9145007614520191e+000 -1.8759125958057643e+000
      -5.3314249507529943e-001</data></_>
  <_ type_id="opencv-matrix">
    <rows>3</rows>
    <cols>1</cols>
    <dt>d</dt>
    <data>
      2.1597169692801215e+000 2.2050732981684731e+000
      -2.7718449284784619e-002</data></_>
  <_ type_id="opencv-matrix">
    <rows>3</rows>
    <cols>1</cols>
    <dt>d</dt>
    <data>
      2.1977074832568686e+000 2.1785547596751220e+000
      -3.6365905624669392e-003</data></_>
  <_ type_id="opencv-matrix">
    <rows>3</rows>
    <cols>1</cols>
    <dt>d</dt>
    <data>
      2.1859239015482110e+000 2.2019001576255941e+000
      5.3767926644898122e-003</data></_>
  <_ type_id="opencv-matrix">
    <rows>3</rows>
    <cols>1</cols>
    <dt>d</dt>
    <data>
      -1.8530447197308544e+000 -1.9840404915593752e+000
      7.9309836001903763e-002</data></_>
  <_ type_id="opencv-matrix">
    <rows>3</rows>
    <cols>1</cols>
    <dt>d</dt>
    <data>
      2.1235884488805601e+000 1.9983432480401113e+000
      7.2201445587183766e-001</data></_>
  <_ type_id="opencv-matrix">
    <rows>3</rows>
    <cols>1</cols>
    <dt>d</dt>
    <data>
      -1.8423512718086188e+000 -1.8346099559076336e+000
      -6.8848976623794156e-001</data></_>
  <_ type_id="opencv-matrix">
    <rows>3</rows>
    <cols>1</cols>
    <dt>d</dt>
    <data>
      2.1417731333979542e+000 2.1734863345438651e+000
      -6.3682538929033805e-002</data></_>
  <_ type_id="opencv-matrix">
    <rows>3</rows>
    <cols>1</cols>
    <dt>d</dt>
    <data>
      -1.8972689602098991e+000 -1.7997327547639310e+000
      -6.4071442127263711e-001</data></_>
  <_ type_id="opencv-matrix">
    <rows>3</rows>
    <cols>1</cols>
    <dt>d</dt>
    <data>
      2.1332772389382506e+000 1.9902372939545976e+000
      8.3313626796495510e-001</data></_>
  <_ type_id="opencv-matrix">
    <rows>3</rows>
    <cols>1</cols>
    <dt>d</dt>
    <data>
      -2.1537152594712303e+000 -2.1300744395718336e+000
      -2.6403183034991834e-001</data></_>
  <_ type_id="opencv-matrix">
    <rows>3</rows>
    <cols>1</cols>
    <dt>d</dt>
    <data>
      -1.8045197555818777e+000 -1.9040325621983225e+000
      4.4044145608371450e-002</data></_>
  <_ type_id="opencv-matrix">
    <rows>3</rows>
    <cols>1</cols>
    <dt>d</dt>
    <data>
